==========================================================================================
PANASONIC

OFF (switch)
// Using the state you just captured
uint8_t capturedState[27] = {0x02, 0x20, 0xE0, 0x04, 0x00, 0x00, 0x00, 0x06, 0x02, 0x20, 0xE0, 0x04, 0x00, 0x38, 0x2A, 0x80, 0x73, 0x00, 0x00, 0x0E, 0xE0, 0x00, 0x00, 0x89, 0x00, 0x00, 0xD2};

irsend.sendPanasonicAC(capturedState);

------------------------------------------------------------------------------------------

ON (switch)


==========================================================================================

ICTC Carrier outside AC

OFF 
-> -----------------------------------------
11:34:38.313 -> Protocol: UNKNOWN
11:34:38.313 -> Raw Data (296):
11:34:38.332 -> uint16_t rawData[295] = {4442, 4322,  590, 1558,  584, 1580,  492, 1648,  592, 1552,  590, 518,  552, 512,  554, 1586,  546, 542,  562, 520,  564, 498,  470, 614,  562, 520,  562, 1556,  590, 1558,  584, 520,  566, 1556,  588, 518,  566, 498,  470, 610,  566, 520,  556, 506,  550, 532,  564, 1558,  586, 1580,  494, 1650,  590, 1554,  592, 1560,  580, 1584,  546, 1598,  592, 1554,  590, 518,  560, 502,  524, 558,  566, 520,  522, 540,  562, 520,  566, 498,  516, 568,  562, 520,  566, 1552,  590, 520,  554, 510,  554, 1586,  548, 1598,  592, 496,  470, 616,  560, 520,  564, 500,  498, 1644,  576, 1570,  592, 498,  518, 542,  586, 496,  592, 1554,  590, 1562,  546, 1618,  550, 514,  584, 496,  590, 482,  534, 540,  588, 494,  590, 478,  490, 586,  586, 498,  582, 1562,  588, 1560,  582, 1588,  518, 1626,  586, 482,  514, 1648,  552, 1594,  590, 496,  546, 6028,  4416, 4340,  514, 1648,  548, 1598,  580, 1568,  576, 1576,  536, 540,  578, 506,  550, 1596,  576, 510,  544, 520,  570, 512,  572, 510,  520, 544,  546, 1622,  518, 1650,  522, 540,  520, 1650,  520, 542,  520, 564,  522, 540,  518, 566,  520, 566,  520, 542,  516, 1654,  512, 1634,  510, 1636,  510, 1636,  532, 1636,  512, 1632,  512, 1636,  510, 1638,  532, 548,  510, 574,  512, 550,  508, 574,  510, 574,  510, 550,  510, 574,  512, 574,  512, 548,  510, 1660,  510, 550,  510, 574,  510, 1634,  510, 1636,  508, 576,  510, 576,  508, 550,  510, 574,  512, 1634,  510, 1638,  508, 574,  510, 600,  484, 550,  508, 1660,  510, 1662,  484, 1660,  484, 600,  484, 552,  506, 600,  484, 600,  484, 550,  508, 602,  484, 574,  508, 574,  484, 1660,  484, 1686,  484, 1660,  484, 1658,  486, 600,  460, 1684,  484, 1660,  484, 602,  458};  // UNKNOWN F60CFDB6
11:34:38.412 -> 
11:34:38.412 -> -----------------------------------------

==================================================================================

ON

11:35:35.067 -> Protocol: UNKNOWN
11:35:35.067 -> Raw Data (296):
11:35:35.067 -> uint16_t rawData[295] = {4440, 4320,  594, 1558,  586, 1580,  520, 1622,  602, 1542,  592, 520,  554, 506,  550, 1590,  546, 542,  560, 520,  564, 496,  490, 596,  562, 520,  562, 1550,  594, 1556,  582, 524,  568, 1548,  588, 520,  568, 492,  470, 614,  584, 498,  556, 504,  522, 560,  574, 1544,  586, 1580,  518, 1622,  594, 1550,  592, 1558,  578, 1586,  546, 1598,  592, 1554,  592, 520,  562, 498,  496, 586,  564, 522,  546, 514,  560, 522,  564, 520,  516, 544,  560, 522,  564, 1554,  590, 520,  558, 504,  524, 1616,  548, 1594,  592, 494,  518, 544,  586, 496,  590, 476,  490, 1670,  580, 1564,  594, 492,  546, 516,  588, 492,  592, 478,  490, 584,  590, 1560,  542, 532,  592, 494,  552, 512,  582, 494,  592, 494,  518, 542,  586, 496,  590, 478,  488, 1672,  582, 1562,  592, 1556,  586, 1578,  520, 540,  590, 492,  590, 476,  490, 586,  590, 5990,  4426, 4330,  582, 1568,  542, 1620,  520, 1622,  580, 1566,  576, 508,  550, 518,  536, 1626,  544, 520,  542, 538,  548, 558,  496, 564,  522, 562,  522, 1620,  524, 1622,  518, 564,  520, 1624,  518, 564,  520, 566,  492, 566,  516, 568,  512, 550,  510, 572,  512, 1634,  510, 1658,  510, 1634,  510, 1632,  510, 1636,  508, 1658,  510, 1632,  510, 1634,  510, 574,  510, 574,  486, 572,  510, 574,  510, 550,  508, 574,  510, 574,  510, 550,  508, 576,  510, 1636,  510, 574,  510, 574,  486, 1660,  510, 1634,  510, 576,  510, 550,  508, 576,  510, 574,  510, 1636,  510, 1634,  510, 576,  508, 550,  508, 576,  508, 576,  508, 550,  510, 1660,  484, 574,  510, 600,  484, 574,  484, 600,  484, 602,  484, 574,  484, 602,  484, 574,  510, 1662,  484, 1660,  486, 1660,  484, 1686,  484, 576,  460, 626,  480, 578,  484, 600,  460};  // UNKNOWN F0C98D17
11:35:35.233 -> 
11:35:35.233 -> -----------------------------------------

=========================================================================================

401

ON

12:40:02.753 -> -----------------------------------------
12:40:02.753 -> Protocol: UNKNOWN
12:40:02.753 -> Raw Data (150):
12:40:02.753 -> uint16_t rawData[149] = {4850, 2500,  382, 428,  358, 406,  378, 424,  362, 956,  358, 924,  380, 426,  360, 404,  406, 388,  384, 422,  360, 946,  384, 402,  356, 442,  356, 426,  358, 948,  358, 404,  382, 404,  392, 424,  360, 426,  360, 426,  384, 930,  384, 400,  362, 944,  358, 426,  360, 416,  380, 948,  358, 428,  356, 428,  360, 436,  358, 424,  360, 924,  406, 400,  362, 416,  380, 426,  360, 424,  360, 428,  358, 438,  356, 430,  358, 426,  358, 406,  404, 414,  384, 400,  360, 426,  360, 424,  358, 438,  360, 426,  360, 428,  358, 402,  382, 436,  362, 424,  382, 898,  382, 426,  360, 436,  360, 426,  360, 924,  382, 390,  400, 428,  358, 924,  406, 404,  358, 404,  380, 956,  358, 428,  360, 402,  382, 428,  358, 436,  360, 424,  360, 426,  384, 404,  358, 436,  360, 940,  364, 924,  380, 946,  358, 428,  358, 21474,  4852};  // UNKNOWN 3CEF35D0
12:40:02.851 -> 
12:40:02.851 -> -----------------------------------------

OFF

12:41:26.588 -> Protocol: UNKNOWN
12:41:26.588 -> Raw Data (150):
12:41:26.588 -> uint16_t rawData[149] = {4908, 2466,  416, 334,  452, 372,  412, 372,  414, 924,  392, 914,  390, 372,  414, 372,  414, 404,  392, 394,  390, 914,  390, 298,  488, 404,  392, 378,  408, 914,  390, 394,  390, 406,  390, 396,  390, 372,  414, 300,  486, 404,  390, 914,  390, 914,  390, 370,  416, 404,  390, 914,  392, 394,  390, 394,  392, 404,  392, 394,  390, 914,  390, 394,  392, 404,  392, 394,  390, 396,  390, 396,  390, 406,  390, 396,  390, 396,  390, 396,  390, 406,  392, 396,  390, 396,  390, 396,  390, 406,  390, 396,  390, 396,  390, 396,  390, 406,  390, 394,  392, 914,  390, 396,  370, 426,  388, 396,  366, 938,  390, 396,  390, 384,  390, 936,  390, 372,  412, 372,  412, 926,  390, 372,  414, 370,  414, 370,  416, 380,  416, 370,  414, 370,  416, 370,  416, 380,  416, 370,  416, 370,  416, 370,  416, 370,  416, 21416,  4908};  // UNKNOWN 4A685223
12:41:26.696 -> 
12:41:26.696 -> -----------------------------------------
